ARMA_MAT_TXT_FC016
25 25
 (-1061.83,1.94704e-15) (-141.529,3.06389) (44.5459,9.61605) (7.30074,44.9834) (-10.375,141.181) (-93.8453,-2.14571) (3.80865,-56.0484) (-26.0082,-176.83) (198.795,-26.7081) (-68.3354,63.4942) (-115.346,0.610358) (47.1571,-16.436) (38.4667,-46.8802) (33.8379,47.2289) (-15.5942,76.0533) (-115.239,-4.98991) (-77.1444,8.7193) (44.0081,37.9323) (-50.1373,34.113) (20.5939,-45.4953) (93.8591,1.41941) (69.3599,-62.3734) (44.4072,-195.603) (173.79,41.7427) (-56.1642,-1.22702)
 (-141.529,-3.06389) (-67.2287,-6.71425e-15) (21.0514,5.02353) (3.00399,21.433) (-6.37716,66.9255) (-19.7544,-0.879761) (3.85046,-7.4323) (-8.352,-35.837) (15.3473,0.0222702) (-8.54458,5.30232) (-24.2951,-0.397348) (11.3911,-2.17544) (7.23645,2.6114) (13.5362,1.53963) (-2.2692,4.73756) (-24.2471,-1.5763) (-4.9966,1.62101) (-0.268735,13.6208) (1.62885,7.5188) (3.66659,-11.0021) (19.7607,0.726863) (6.38844,-7.7661) (2.01284,-15.2147) (34.4131,13.0299) (-7.87722,2.831)
 (44.5459,-9.61605) (21.0514,-5.02353) (-6.9672,-4.26569e-15) (-2.54218,-6.48685) (-3.00399,-21.433) (6.25146,-1.20063) (-0.650332,2.615) (5.29312,10.5976) (-4.80737,1.13982) (2.27937,-2.2988) (7.63722,-1.69098) (-3.40434,1.53237) (-2.46109,-0.276979) (-4.35364,0.529359) (0.356552,-1.65304) (7.71031,-1.31823) (1.44346,-0.880949) (-0.93364,-4.28518) (-1.07187,-2.23266) (-0.326014,3.71907) (-6.24198,1.24897) (-1.42011,2.90917) (0.50661,4.91461) (-11.7494,-1.50861) (2.25506,-1.47508)
 (7.30074,-44.9834) (3.00399,-21.433) (-2.54218,6.48685) (-6.9672,1.11126e-14) (-21.0514,-5.02353) (1.16317,-6.25854) (2.19742,1.55965) (11.7983,-1.06137) (-0.692866,4.89183) (-1.30862,-2.961) (1.21226,-7.72768) (0.184556,3.72876) (-1.15588,2.19034) (-1.09569,4.24663) (-1.40897,-0.935126) (1.58598,-7.65972) (-0.293524,-1.66538) (-4.3304,-0.694297) (-2.46983,0.183325) (3.3437,1.66054) (-1.1147,6.26735) (2.19043,2.38369) (4.76062,1.32155) (-5.69172,10.3889) (-0.550564,-2.63781)
 (-10.375,-141.181) (-6.37716,-66.9255) (-3.00399,21.433) (-21.0514,5.02353) (-67.2287,5.26358e-15) (-0.998068,-19.7488) (7.76403,3.12808) (34.8831,-11.7138) (1.43364,15.2802) (-6.08893,-8.00309) (-1.90902,-24.2232) (3.24617,11.1334) (-1.91319,7.45153) (-0.248679,13.6212) (-4.93144,-1.80957) (-0.730833,-24.2873) (-2.08767,-4.82031) (-13.5849,1.02452) (-7.33039,2.33472) (11.3003,2.60642) (1.15087,19.7405) (8.33708,5.62295) (15.3371,0.560525) (-9.70681,35.494) (-3.56545,-7.57315)
 (-93.8453,2.14571) (-19.7544,0.879761) (6.25146,1.20063) (1.16317,6.25854) (-0.998068,19.7488) (-29.5607,-1.7885e-15) (2.33145,-5.03709) (-6.59,-23.4936) (10.1674,-0.438021) (-5.50389,3.76457) (-36.3098,1.02246) (7.48179,-1.77717) (4.87079,1.51642) (9.0124,0.62058) (-1.36345,3.20532) (-36.3166,-0.741439) (-3.26215,1.22124) (0.223817,9.03097) (1.30084,4.93274) (2.10433,-7.39644) (29.5598,-0.228759) (4.00287,-5.33309) (0.884531,-10.1383) (23.1812,7.61635) (-5.1347,2.10778)
 (3.80865,56.0484) (3.85046,7.4323) (-0.650332,-2.615) (2.19742,-1.55965) (7.76403,-3.12808) (2.33145,5.03709) (-54.54,-5.97591e-15) (-1.81279,52.3864) (32.3978,-36.7154) (6.03769,26.6755) (3.03797,6.10648) (-14.6827,19.0999) (-14.8915,-26.2648) (-32.9494,13.2694) (-15.1939,78.3781) (2.73795,6.24676) (-57.8145,-30.5351) (42.3387,-40.2638) (-17.9625,13.0315) (22.182,21.32) (-2.37036,-5.01889) (22.2112,-22.3139) (-21.6011,-40.4338) (-41.0819,-57.7483) (19.1896,-19.6043)
 (-26.0082,176.83) (-8.352,35.837) (5.29312,-10.5976) (11.7983,1.06137) (34.8831,11.7138) (-6.59,23.4936) (-1.81279,-52.3864) (-176.899,1.77597e-14) (-26.019,-37.8658) (-17.6527,5.29244) (-7.28198,29.0854) (34.5337,-91.6003) (22.0833,4.59284) (13.3041,-79.289) (-26.2482,-21.0783) (-8.68537,28.6976) (34.368,-25.3646) (38.8702,46.1898) (42.1436,-12.2387) (-79.6361,-62.8673) (6.408,-23.5439) (-50.744,7.70696) (-43.1425,9.10595) (114.444,-117.443) (41.0819,57.7483)
 (198.795,26.7081) (15.3473,-0.0222702) (-4.80737,-1.13982) (-0.692866,-4.89183) (1.43364,-15.2802) (10.1674,0.438021) (32.3978,36.7154) (-26.019,37.8658) (-174.193,8.22693e-16) (53.8323,-62.9239) (12.5039,0.186354) (17.5436,3.60238) (-27.752,64.4059) (33.7736,-55.4402) (29.4921,-99.6855) (12.4801,0.793146) (98.2066,19.5663) (-66.5261,10.2663) (70.8753,-5.00906) (-10.7803,-23.1774) (-10.1705,-0.359327) (-82.3575,29.8442) (-64.468,160.729) (-43.1425,9.10595) (21.6011,40.4338)
 (-68.3354,-63.4942) (-8.54458,-5.30232) (2.27937,2.2988) (-1.30862,2.961) (-6.08893,8.00309) (-5.50389,-3.76457) (6.03769,-26.6755) (-17.6527,-5.29244) (53.8323,62.9239) (-64.9705,-1.01503e-15) (-6.89071,-4.43371) (31.6531,-64.7956) (49.5566,-1.74274) (-36.789,-4.7794) (-25.4694,40.3244) (-6.66735,-4.76299) (-55.3576,-37.3857) (30.4756,28.2496) (-8.96329,-35.3619) (-45.6602,-41.3) (5.53286,3.72187) (16.3097,24.5177) (82.3575,-29.8442) (50.744,-7.70696) (22.2112,-22.3139)
 (-115.346,-0.610358) (-24.2951,0.397348) (7.63722,1.69098) (1.21226,7.72768) (-1.90902,24.2232) (-36.3098,-1.02246) (3.03797,-6.10648) (-7.28198,-29.0854) (12.5039,-0.186354) (-6.89071,4.43371) (-44.6352,8.07514e-16) (9.25145,-1.92414) (5.93041,2.03111) (11.0486,1.07399) (-1.78561,3.88997) (-44.5825,-2.16685) (-4.04918,1.38723) (-0.0374487,11.1006) (1.42723,6.10394) (2.84061,-9.01236) (36.3166,0.741439) (5.10124,-6.41225) (1.43715,-12.4224) (28.2104,10.1571) (-6.37993,2.41141)
 (47.1571,16.436) (11.3911,2.17544) (-3.40434,-1.53237) (0.184556,-3.72876) (3.24617,-11.1334) (7.48179,1.77717) (-14.6827,-19.0999) (34.5337,91.6003) (17.5436,-3.60238) (31.6531,64.7956) (9.25145,1.92414) (-190.826,5.06203e-15) (-5.1481,-61.7475) (-14.9879,23.1055) (-4.80397,-77.2194) (9.14713,2.37099) (65.5244,52.844) (20.9595,-17.2155) (-56.0411,-17.2477) (-64.4013,177.739) (-7.49532,-1.71922) (45.6602,41.3) (-10.7803,-23.1774) (-79.6361,-62.8673) (-22.182,-21.32)
 (38.4667,46.8802) (7.23645,-2.6114) (-2.46109,0.276979) (-1.15588,-2.19034) (-1.91319,-7.45153) (4.87079,-1.51642) (-14.8915,26.2648) (22.0833,-4.59284) (-27.752,-64.4059) (49.5566,1.74274) (5.93041,-2.03111) (-5.1481,61.7475) (-46.0358,-7.54258e-15) (26.7252,14.6593) (23.4293,-0.926787) (6.02201,-1.74082) (17.5189,23.4663) (-20.7822,-34.4591) (3.85105,38.8286) (56.0411,17.2477) (-4.85891,1.55406) (-8.96329,-35.3619) (-70.8753,5.00906) (-42.1436,12.2387) (-17.9625,13.0315)
 (33.8379,-47.2289) (13.5362,-1.53963) (-4.35364,-0.529359) (-1.09569,-4.24663) (-0.248679,-13.6212) (9.0124,-0.62058) (-32.9494,-13.2694) (13.3041,79.289) (33.7736,55.4402) (-36.789,4.7794) (11.0486,-1.07399) (-14.9879,-23.1055) (26.7252,-14.6593) (-69.8872,-1.74643e-15) (-45.0179,65.6965) (11.0877,-0.536361) (-63.3652,-64.079) (48.3198,-10.1694) (-20.7822,-34.4591) (-20.9595,17.2155) (-9.00733,0.690305) (30.4756,28.2496) (66.5261,-10.2663) (-38.8702,-46.1898) (42.3387,-40.2638)
 (-15.5942,-76.0533) (-2.2692,-4.73756) (0.356552,1.65304) (-1.40897,0.935126) (-4.93144,1.80957) (-1.36345,-3.20532) (-15.1939,-78.3781) (-26.2482,21.0783) (29.4921,99.6855) (-25.4694,-40.3244) (-1.78561,-3.88997) (-4.80397,77.2194) (23.4293,0.926787) (-45.0179,-65.6965) (-204.604,-1.5149e-15) (-1.59467,-3.97207) (60.7268,-187.052) (63.3652,64.079) (-17.5189,-23.4663) (65.5244,52.844) (1.38822,3.19467) (55.3576,37.3857) (98.2066,19.5663) (34.368,-25.3646) (57.8145,30.5351)
 (-115.239,4.98991) (-24.2471,1.5763) (7.71031,1.31823) (1.58598,7.65972) (-0.730833,24.2873) (-36.3166,0.741439) (2.73795,-6.24676) (-8.68537,-28.6976) (12.4801,-0.793146) (-6.66735,4.76299) (-44.5825,2.16685) (9.14713,-2.37099) (6.02201,1.74082) (11.0877,0.536361) (-1.59467,3.97207) (-44.6352,-6.1947e-15) (-3.97707,1.58217) (0.501484,11.0893) (1.72187,6.02746) (2.39975,-9.13963) (36.3098,-1.02246) (4.78394,-6.65233) (0.832397,-12.4776) (28.6702,8.77559) (-6.25534,2.71829)
 (-77.1444,-8.7193) (-4.9966,-1.62101) (1.44346,0.880949) (-0.293524,1.66538) (-2.08767,4.82031) (-3.26215,-1.22124) (-57.8145,30.5351) (34.368,25.3646) (98.2066,-19.5663) (-55.3576,37.3857) (-4.04918,-1.38723) (65.5244,-52.844) (17.5189,-23.4663) (-63.3652,64.079) (60.7268,187.052) (-3.97707,-1.58217) (-204.604,3.30627e-16) (45.0179,-65.6965) (-23.4293,0.926787) (-4.80397,-77.2194) (3.2715,1.19596) (25.4694,-40.3244) (29.4921,-99.6855) (-26.2482,-21.0783) (15.1939,-78.3781)
 (44.0081,-37.9323) (-0.268735,-13.6208) (-0.93364,4.28518) (-4.3304,0.694297) (-13.5849,-1.02452) (0.223817,-9.03097) (42.3387,40.2638) (38.8702,-46.1898) (-66.5261,-10.2663) (30.4756,-28.2496) (-0.0374487,-11.1006) (20.9595,17.2155) (-20.7822,34.4591) (48.3198,10.1694) (63.3652,-64.079) (0.501484,-11.0893) (45.0179,65.6965) (-69.8872,3.42478e-15) (26.7252,14.6593) (14.9879,-23.1055) (-0.153924,9.03243) (-36.789,-4.7794) (-33.7736,55.4402) (-13.3041,79.289) (-32.9494,13.2694)
 (-50.1373,-34.113) (1.62885,-7.5188) (-1.07187,2.23266) (-2.46983,-0.183325) (-7.33039,-2.33472) (1.30084,-4.93274) (-17.9625,-13.0315) (42.1436,12.2387) (70.8753,5.00906) (-8.96329,35.3619) (1.42723,-6.10394) (-56.0411,17.2477) (3.85105,-38.8286) (-20.7822,34.4591) (-17.5189,23.4663) (1.72187,-6.02746) (-23.4293,-0.926787) (26.7252,-14.6593) (-46.0358,9.15067e-15) (5.1481,61.7475) (-1.26263,4.94266) (49.5566,-1.74274) (27.752,-64.4059) (-22.0833,-4.59284) (-14.8915,-26.2648)
 (20.5939,45.4953) (3.66659,11.0021) (-0.326014,-3.71907) (3.3437,-1.66054) (11.3003,-2.60642) (2.10433,7.39644) (22.182,-21.32) (-79.6361,62.8673) (-10.7803,23.1774) (-45.6602,41.3) (2.84061,9.01236) (-64.4013,-177.739) (56.0411,-17.2477) (-20.9595,-17.2155) (65.5244,-52.844) (2.39975,9.13963) (-4.80397,77.2194) (14.9879,23.1055) (5.1481,-61.7475) (-190.826,-6.69397e-15) (-2.16151,-7.37993) (-31.6531,64.7956) (17.5436,3.60238) (34.5337,-91.6003) (14.6827,-19.0999)
 (93.8591,-1.41941) (19.7607,-0.726863) (-6.24198,-1.24897) (-1.1147,-6.26735) (1.15087,-19.7405) (29.5598,0.228759) (-2.37036,5.01889) (6.408,23.5439) (-10.1705,0.359327) (5.53286,-3.72187) (36.3166,-0.741439) (-7.49532,1.71922) (-4.85891,-1.55406) (-9.00733,-0.690305) (1.38822,-3.19467) (36.3098,1.02246) (3.2715,-1.19596) (-0.153924,-9.03243) (-1.26263,-4.94266) (-2.16151,7.37993) (-29.5607,9.77343e-15) (-4.04402,5.30195) (-0.962961,10.1312) (-23.1216,-7.79551) (5.15086,-2.06798)
 (69.3599,62.3734) (6.38844,7.7661) (-1.42011,-2.90917) (2.19043,-2.38369) (8.33708,-5.62295) (4.00287,5.33309) (22.2112,22.3139) (-50.744,-7.70696) (-82.3575,-29.8442) (16.3097,-24.5177) (5.10124,6.41225) (45.6602,-41.3) (-8.96329,35.3619) (30.4756,-28.2496) (55.3576,-37.3857) (4.78394,6.65233) (25.4694,40.3244) (-36.789,4.7794) (49.5566,1.74274) (-31.6531,-64.7956) (-4.04402,-5.30195) (-64.9705,3.08954e-15) (-53.8323,62.9239) (17.6527,-5.29244) (6.03769,26.6755)
 (44.4072,195.603) (2.01284,15.2147) (0.50661,-4.91461) (4.76062,-1.32155) (15.3371,-0.560525) (0.884531,10.1383) (-21.6011,40.4338) (-43.1425,-9.10595) (-64.468,-160.729) (82.3575,29.8442) (1.43715,12.4224) (-10.7803,23.1774) (-70.8753,-5.00906) (66.5261,10.2663) (98.2066,-19.5663) (0.832397,12.4776) (29.4921,99.6855) (-33.7736,-55.4402) (27.752,64.4059) (17.5436,-3.60238) (-0.962961,-10.1312) (-53.8323,-62.9239) (-174.193,-6.86994e-15) (-26.019,-37.8658) (-32.3978,36.7154)
 (173.79,-41.7427) (34.4131,-13.0299) (-11.7494,1.50861) (-5.69172,-10.3889) (-9.70681,-35.494) (23.1812,-7.61635) (-41.0819,57.7483) (114.444,117.443) (-43.1425,-9.10595) (50.744,7.70696) (28.2104,-10.1571) (-79.6361,62.8673) (-42.1436,-12.2387) (-38.8702,46.1898) (34.368,25.3646) (28.6702,-8.77559) (-26.2482,21.0783) (-13.3041,-79.289) (-22.0833,4.59284) (34.5337,91.6003) (-23.1216,7.79551) (17.6527,5.29244) (-26.019,37.8658) (-176.899,-1.13104e-14) (1.81279,-52.3864)
 (-56.1642,1.22702) (-7.87722,-2.831) (2.25506,1.47508) (-0.550564,2.63781) (-3.56545,7.57315) (-5.1347,-2.10778) (19.1896,19.6043) (41.0819,-57.7483) (21.6011,-40.4338) (22.2112,22.3139) (-6.37993,-2.41141) (-22.182,21.32) (-17.9625,-13.0315) (42.3387,40.2638) (57.8145,-30.5351) (-6.25534,-2.71829) (15.1939,78.3781) (-32.9494,-13.2694) (-14.8915,26.2648) (14.6827,19.0999) (5.15086,2.06798) (6.03769,-26.6755) (-32.3978,-36.7154) (1.81279,52.3864) (-54.54,6.22332e-15)
