ARMA_MAT_TXT_FC016
25 25
 (12.4443,-5.31945e-17) (1.70938,-0.0370057) (-0.538026,-0.116143) (-0.0881785,-0.54331) (0.12531,-1.70519) (1.13347,0.0259159) (-0.0465679,0.668428) (0.304615,2.08599) (-2.33902,0.310113) (0.797898,-0.760014) (1.39315,-0.00737192) (-0.517804,0.188424) (-0.455355,0.556953) (-0.409152,-0.55596) (0.191163,-0.870534) (1.39186,0.0602682) (0.884157,-0.112419) (-0.517076,-0.457306) (0.595501,-0.403637) (-0.234048,0.498845) (-1.13363,-0.0171436) (-0.828428,0.726615) (-0.518377,2.30184) (-2.05032,-0.490238) (0.669913,0.0134918)
 (1.70938,0.0370057) (0.878711,8.98533e-18) (-0.275152,-0.06566) (-0.0392637,-0.280139) (0.0833526,-0.874749) (0.240806,0.0107243) (-0.0515458,0.0934304) (0.107669,0.453159) (-0.176325,-0.00433865) (0.102245,-0.0648864) (0.296156,0.00484366) (-0.135377,0.0256494) (-0.0912631,-0.0395723) (-0.178279,-0.0137513) (0.0296505,-0.0451679) (0.295572,0.0192151) (0.0487005,-0.0233998) (0.0100083,-0.178528) (-0.0271222,-0.0957042) (-0.0433727,0.130781) (-0.240882,-0.00886044) (-0.0778703,0.092739) (-0.0190788,0.175344) (-0.434882,-0.166803) (0.09944,-0.0387027)
 (-0.538026,0.116143) (-0.275152,0.06566) (0.0910647,6.20977e-17) (0.0332275,0.0847863) (0.0392637,0.280139) (-0.0762052,0.0146357) (0.00915918,-0.0331076) (-0.0675758,-0.133853) (0.0555371,-0.011817) (-0.0271676,0.027958) (-0.0930976,0.020613) (0.040474,-0.0181474) (0.0315342,0.00557183) (0.0568522,-0.0090156) (-0.0059094,0.016359) (-0.0939885,0.0160692) (-0.0135011,0.0109663) (0.0102063,0.0566506) (0.0156441,0.0279413) (0.00380899,-0.0441924) (0.0760896,-0.015225) (0.0174538,-0.0348581) (-0.00712807,-0.0563312) (0.148639,0.0197353) (-0.0282457,0.0195495)
 (-0.0881785,0.54331) (-0.0392637,0.280139) (0.0332275,-0.0847863) (0.0910647,-1.55854e-17) (0.275152,0.06566) (-0.014179,0.0762915) (-0.027483,-0.0206079) (-0.149281,0.0140768) (0.00926198,-0.0560199) (0.0161176,0.0354958) (-0.0147774,0.0942002) (-0.00212813,-0.0443051) (0.0166938,-0.0273271) (0.0123501,-0.0562222) (0.013075,0.011471) (-0.019333,0.0933718) (0.00528394,0.0165716) (0.0564689,0.0111679) (0.0317231,-0.00437037) (-0.0397557,-0.0196712) (0.0135882,-0.0763989) (-0.0260863,-0.0289694) (-0.0550483,-0.0139174) (0.0726098,-0.13119) (0.00789539,0.0334315)
 (0.12531,1.70519) (0.0833526,0.874749) (0.0392637,-0.280139) (0.275152,-0.06566) (0.878711,-1.28342e-17) (0.0121664,0.240738) (-0.0978986,-0.0424508) (-0.440903,0.150169) (-0.0124068,-0.175942) (0.0742925,0.0956291) (0.0232709,0.29528) (-0.0383753,-0.132333) (0.0307368,-0.0946053) (-0.00322185,-0.17878) (0.0477768,0.0252323) (0.00890884,0.296062) (0.027914,0.0462612) (0.178673,-0.00697164) (0.0926999,-0.0360782) (-0.134305,-0.0307715) (-0.014029,-0.240636) (-0.0997074,-0.0687221) (-0.176363,-0.00236004) (0.124799,-0.448744) (0.0479608,0.0953203)
 (1.13347,-0.0259159) (0.240806,-0.0107243) (-0.0762052,-0.0146357) (-0.014179,-0.0762915) (0.0121664,-0.240738) (0.386373,-5.96311e-19) (-0.0313899,0.0634132) (0.0846935,0.297017) (-0.116934,0.00232782) (0.0658175,-0.0460001) (0.474587,-0.013364) (-0.088923,0.0209852) (-0.0616242,-0.023522) (-0.118506,-0.00384992) (0.0183093,-0.030796) (0.474676,0.00969096) (0.0315711,-0.0169379) (0.00136302,-0.118561) (-0.0207904,-0.0625986) (-0.0248737,0.0879146) (-0.386361,0.00298999) (-0.0488488,0.0637318) (-0.00746569,0.116719) (-0.293007,-0.0976678) (0.0647317,-0.0285721)
 (-0.0465679,-0.668428) (-0.0515458,-0.0934304) (0.00915918,0.0331076) (-0.027483,0.0206079) (-0.0978986,0.0424508) (-0.0313899,-0.0634132) (0.776263,1.45205e-16) (0.0079408,-0.75819) (-0.467206,0.50246) (-0.0786286,-0.381226) (-0.04075,-0.0768055) (0.222606,-0.268182) (0.204749,0.376301) (0.480428,-0.195027) (0.22029,-1.11731) (-0.0369734,-0.0786932) (0.829865,0.437751) (-0.604857,0.573154) (0.263331,-0.176431) (-0.308323,-0.317107) (0.0318797,0.0631684) (-0.326081,0.306581) (0.287413,0.574828) (0.59781,0.817551) (-0.274961,0.291614)
 (0.304615,-2.08599) (0.107669,-0.453159) (-0.0675758,0.133853) (-0.149281,-0.0140768) (-0.440903,-0.150169) (0.0846935,-0.297017) (0.0079408,0.75819) (2.49323,-1.32252e-16) (0.371813,0.47475) (0.273561,-0.0495327) (0.0937568,-0.367759) (-0.498055,1.29953) (-0.332834,-0.0794321) (-0.17279,1.13796) (0.416672,0.315766) (0.111499,-0.362774) (-0.503335,0.402277) (-0.550015,-0.68319) (-0.595781,0.195622) (1.1311,0.891631) (-0.0823925,0.297663) (0.710203,-0.139483) (0.554266,-0.153477) (-1.63154,1.64004) (-0.59781,-0.817551)
 (-2.33902,-0.310113) (-0.176325,0.00433865) (0.0555371,0.011817) (0.00926198,0.0560199) (-0.0124068,0.175942) (-0.116934,-0.00232782) (-0.467206,-0.50246) (0.371813,-0.47475) (2.40891,6.15624e-17) (-0.739858,0.878422) (-0.143712,0.00118527) (-0.26814,-0.0487755) (0.379977,-0.902129) (-0.491018,0.772184) (-0.409496,1.39665) (-0.1436,-0.00579275) (-1.37448,-0.277456) (0.934117,-0.162355) (-0.989563,0.062154) (0.14328,0.345615) (0.116948,0.00142284) (1.14625,-0.406513) (0.892271,-2.22197) (0.554266,-0.153477) (-0.287413,-0.574828)
 (0.797898,0.760014) (0.102245,0.0648864) (-0.0271676,-0.027958) (0.0161176,-0.0354958) (0.0742925,-0.0956291) (0.0658175,0.0460001) (-0.0786286,0.381226) (0.273561,0.0495327) (-0.739858,-0.878422) (0.909871,-1.11503e-17) (0.0824356,0.054226) (-0.437196,0.923226) (-0.695623,0.0247824) (0.522946,0.0824315) (0.365701,-0.56086) (0.0797059,0.058164) (0.768105,0.534054) (-0.436551,-0.397682) (0.11977,0.502195) (0.657942,0.577235) (-0.0661715,-0.0454894) (-0.219581,-0.352358) (-1.14625,0.406513) (-0.710203,0.139483) (-0.326081,0.306581)
 (1.39315,0.00737192) (0.296156,-0.00484366) (-0.0930976,-0.020613) (-0.0147774,-0.0942002) (0.0232709,-0.29528) (0.474587,0.013364) (-0.04075,0.0768055) (0.0937568,0.367759) (-0.143712,-0.00118527) (0.0824356,-0.054226) (0.583403,-5.44812e-18) (-0.109951,0.0227007) (-0.0748803,-0.0310239) (-0.145429,-0.00882783) (0.0235547,-0.0371938) (0.582716,0.0283218) (0.039365,-0.019713) (0.00577503,-0.145582) (-0.023372,-0.0776098) (-0.0335936,0.107126) (-0.474676,-0.00969096) (-0.062206,0.076593) (-0.0132073,0.143109) (-0.356526,-0.130101) (0.0804991,-0.0328565)
 (-0.517804,-0.188424) (-0.135377,-0.0256494) (0.040474,0.0181474) (-0.00212813,0.0443051) (-0.0383753,0.132333) (-0.088923,-0.0209852) (0.222606,0.268182) (-0.498055,-1.29953) (-0.26814,0.0487755) (-0.437196,-0.923226) (-0.109951,-0.0227007) (2.69018,-5.20586e-17) (0.0690573,0.876813) (0.224999,-0.337501) (0.0699996,1.05318) (-0.108719,-0.0280116) (-0.889225,-0.735403) (-0.308237,0.252517) (0.798445,0.241753) (0.903224,-2.50742) (0.0890827,0.0202964) (-0.657942,-0.577235) (0.14328,0.345615) (1.1311,0.891631) (0.308323,0.317107)
 (-0.455355,-0.556953) (-0.0912631,0.0395723) (0.0315342,-0.00557183) (0.0166938,0.0273271) (0.0307368,0.0946053) (-0.0616242,0.023522) (0.204749,-0.376301) (-0.332834,0.0794321) (0.379977,0.902129) (-0.695623,-0.0247824) (-0.0748803,0.0310239) (0.0690573,-0.876813) (0.647907,9.48203e-17) (-0.379381,-0.219354) (-0.338917,0.009579) (-0.0762981,0.0273522) (-0.23848,-0.339677) (0.3,0.487679) (-0.0490335,-0.549461) (-0.798445,-0.241753) (0.0614404,-0.0239982) (0.11977,0.502195) (0.989563,-0.062154) (0.595781,-0.195622) (0.263331,-0.176431)
 (-0.409152,0.55596) (-0.178279,0.0137513) (0.0568522,0.0090156) (0.0123501,0.0562222) (-0.00322185,0.17878) (-0.118506,0.00384992) (0.480428,0.195027) (-0.17279,-1.13796) (-0.491018,-0.772184) (0.522946,-0.0824315) (-0.145429,0.00882783) (0.224999,0.337501) (-0.379381,0.219354) (0.997341,-1.68797e-17) (0.640157,-0.944916) (-0.145686,0.00175744) (0.909093,0.909675) (-0.700624,0.149983) (0.3,0.487679) (0.308237,-0.252517) (0.118473,-0.00476687) (-0.436551,-0.397682) (-0.934117,0.162355) (0.550015,0.68319) (-0.604857,0.573154)
 (0.191163,0.870534) (0.0296505,0.0451679) (-0.0059094,-0.016359) (0.013075,-0.011471) (0.0477768,-0.0252323) (0.0183093,0.030796) (0.22029,1.11731) (0.416672,-0.315766) (-0.409496,-1.39665) (0.365701,0.56086) (0.0235547,0.0371938) (0.0699996,-1.05318) (-0.338917,-0.009579) (0.640157,0.944916) (2.88572,2.15333e-17) (0.0217213,0.0382935) (-0.855952,2.63983) (-0.909093,-0.909675) (0.23848,0.339677) (-0.889225,-0.735403) (-0.018547,-0.0306534) (-0.768105,-0.534054) (-1.37448,-0.277456) (-0.503335,0.402277) (-0.829865,-0.437751)
 (1.39186,-0.0602682) (0.295572,-0.0192151) (-0.0939885,-0.0160692) (-0.019333,-0.0933718) (0.00890884,-0.296062) (0.474676,-0.00969096) (-0.0369734,0.0786932) (0.111499,0.362774) (-0.1436,0.00579275) (0.0797059,-0.058164) (0.582716,-0.0283218) (-0.108719,0.0280116) (-0.0762981,-0.0273522) (-0.145686,-0.00175744) (0.0217213,-0.0382935) (0.583403,5.73272e-17) (0.0383616,-0.0216008) (-0.0012992,-0.145691) (-0.0271121,-0.0763837) (-0.0283534,0.108631) (-0.474587,0.013364) (-0.0584144,0.0795226) (-0.0062444,0.143581) (-0.362421,-0.11264) (0.0788091,-0.0367257)
 (0.884157,0.112419) (0.0487005,0.0233998) (-0.0135011,-0.0109663) (0.00528394,-0.0165716) (0.027914,-0.0462612) (0.0315711,0.0169379) (0.829865,-0.437751) (-0.503335,-0.402277) (-1.37448,0.277456) (0.768105,-0.534054) (0.039365,0.019713) (-0.889225,0.735403) (-0.23848,0.339677) (0.909093,-0.909675) (-0.855952,-2.63983) (0.0383616,0.0216008) (2.88572,-4.54755e-17) (-0.640157,0.944916) (0.338917,-0.009579) (0.0699996,1.05318) (-0.0317012,-0.016693) (-0.365701,0.56086) (-0.409496,1.39665) (0.416672,0.315766) (-0.22029,1.11731)
 (-0.517076,0.457306) (0.0100083,0.178528) (0.0102063,-0.0566506) (0.0564689,-0.0111679) (0.178673,0.00697164) (0.00136302,0.118561) (-0.604857,-0.573154) (-0.550015,0.68319) (0.934117,0.162355) (-0.436551,0.397682) (0.00577503,0.145582) (-0.308237,-0.252517) (0.3,-0.487679) (-0.700624,-0.149983) (-0.909093,0.909675) (-0.0012992,0.145691) (-0.640157,-0.944916) (0.997341,3.18823e-17) (-0.379381,-0.219354) (-0.224999,0.337501) (-0.00228047,-0.118546) (0.522946,0.0824315) (0.491018,-0.772184) (0.17279,-1.13796) (0.480428,-0.195027)
 (0.595501,0.403637) (-0.0271222,0.0957042) (0.0156441,-0.0279413) (0.0317231,0.00437037) (0.0926999,0.0360782) (-0.0207904,0.0625986) (0.263331,0.176431) (-0.595781,-0.195622) (-0.989563,-0.062154) (0.11977,-0.502195) (-0.023372,0.0776098) (0.798445,-0.241753) (-0.0490335,0.549461) (0.3,-0.487679) (0.23848,-0.339677) (-0.0271121,0.0763837) (0.338917,0.009579) (-0.379381,0.219354) (0.647907,-8.73799e-17) (-0.0690573,-0.876813) (0.0203054,-0.0627577) (-0.695623,0.0247824) (-0.379977,0.902129) (0.332834,0.0794321) (0.204749,0.376301)
 (-0.234048,-0.498845) (-0.0433727,-0.130781) (0.00380899,0.0441924) (-0.0397557,0.0196712) (-0.134305,0.0307715) (-0.0248737,-0.0879146) (-0.308323,0.317107) (1.1311,-0.891631) (0.14328,-0.345615) (0.657942,-0.577235) (-0.0335936,-0.107126) (0.903224,2.50742) (-0.798445,0.241753) (0.308237,0.252517) (-0.889225,0.735403) (-0.0283534,-0.108631) (0.0699996,-1.05318) (-0.224999,-0.337501) (-0.0690573,0.876813) (2.69018,6.01207e-17) (0.0255533,0.0877194) (0.437196,-0.923226) (-0.26814,-0.0487755) (-0.498055,1.29953) (-0.222606,0.268182)
 (-1.13363,0.0171436) (-0.240882,0.00886044) (0.0760896,0.015225) (0.0135882,0.0763989) (-0.014029,0.240636) (-0.386361,-0.00298999) (0.0318797,-0.0631684) (-0.0823925,-0.297663) (0.116948,-0.00142284) (-0.0661715,0.0454894) (-0.474676,0.00969096) (0.0890827,-0.0202964) (0.0614404,0.0239982) (0.118473,0.00476687) (-0.018547,0.0306534) (-0.474587,-0.013364) (-0.0317012,0.016693) (-0.00228047,0.118546) (0.0203054,0.0627577) (0.0255533,-0.0877194) (0.386373,-1.72727e-17) (0.0493405,-0.0633519) (0.0083687,-0.116657) (0.292242,0.0999323) (-0.0649509,0.0280703)
 (-0.828428,-0.726615) (-0.0778703,-0.092739) (0.0174538,0.0348581) (-0.0260863,0.0289694) (-0.0997074,0.0687221) (-0.0488488,-0.0637318) (-0.326081,-0.306581) (0.710203,0.139483) (1.14625,0.406513) (-0.219581,0.352358) (-0.062206,-0.076593) (-0.657942,0.577235) (0.11977,-0.502195) (-0.436551,0.397682) (-0.768105,0.534054) (-0.0584144,-0.0795226) (-0.365701,-0.56086) (0.522946,-0.0824315) (-0.695623,-0.0247824) (0.437196,0.923226) (0.0493405,0.0633519) (0.909871,-4.74677e-18) (0.739858,-0.878422) (-0.273561,0.0495327) (-0.0786286,-0.381226)
 (-0.518377,-2.30184) (-0.0190788,-0.175344) (-0.00712807,0.0563312) (-0.0550483,0.0139174) (-0.176363,0.00236004) (-0.00746569,-0.116719) (0.287413,-0.574828) (0.554266,0.153477) (0.892271,2.22197) (-1.14625,-0.406513) (-0.0132073,-0.143109) (0.14328,-0.345615) (0.989563,0.062154) (-0.934117,-0.162355) (-1.37448,0.277456) (-0.0062444,-0.143581) (-0.409496,-1.39665) (0.491018,0.772184) (-0.379977,-0.902129) (-0.26814,0.0487755) (0.0083687,0.116657) (0.739858,0.878422) (2.40891,-5.93736e-17) (0.371813,0.47475) (0.467206,-0.50246)
 (-2.05032,0.490238) (-0.434882,0.166803) (0.148639,-0.0197353) (0.0726098,0.13119) (0.124799,0.448744) (-0.293007,0.0976678) (0.59781,-0.817551) (-1.63154,-1.64004) (0.554266,0.153477) (-0.710203,-0.139483) (-0.356526,0.130101) (1.1311,-0.891631) (0.595781,0.195622) (0.550015,-0.68319) (-0.503335,-0.402277) (-0.362421,0.11264) (0.416672,-0.315766) (0.17279,1.13796) (0.332834,-0.0794321) (-0.498055,-1.29953) (0.292242,-0.0999323) (-0.273561,-0.0495327) (0.371813,-0.47475) (2.49323,1.5578e-16) (-0.0079408,0.75819)
 (0.669913,-0.0134918) (0.09944,0.0387027) (-0.0282457,-0.0195495) (0.00789539,-0.0334315) (0.0479608,-0.0953203) (0.0647317,0.0285721) (-0.274961,-0.291614) (-0.59781,0.817551) (-0.287413,0.574828) (-0.326081,-0.306581) (0.0804991,0.0328565) (0.308323,-0.317107) (0.263331,0.176431) (-0.604857,-0.573154) (-0.829865,0.437751) (0.0788091,0.0367257) (-0.22029,-1.11731) (0.480428,0.195027) (0.204749,-0.376301) (-0.222606,-0.268182) (-0.0649509,-0.0280703) (-0.0786286,0.381226) (0.467206,0.50246) (-0.0079408,-0.75819) (0.776263,-1.46272e-16)
