Term 0
H.O. Basis
2.1117 0 0 0 0 0 0 0 0 0 0 0 
0 2.1117 0 0 0 0 0 0 0 0 0 0 
0 0 2.1117 0 0 0 0 0 0 0 0 0 
0 0 0 2.1117 0 0 0 0 0 0 0 0 
0 0 0 0 -3.9257 0 0 0 0 0 0 0 
0 0 0 0 0 -3.9257 0 0 0 0 0 0 
0 0 0 0 0 0 -3.9257 0 0 0 0 0 
0 0 0 0 0 0 0 -3.9257 0 0 0 0 
0 0 0 0 0 0 0 0 -3.9257 0 0 0 
0 0 0 0 0 0 0 0 0 -3.9257 0 0 
0 0 0 0 0 0 0 0 0 0 -3.2079 0 
0 0 0 0 0 0 0 0 0 0 0 -3.2079 
HF Basis
(-3.49291,-2.61523e-26) (0,0) (0,0) (0,0) (-1.16637,-3.36361e-10) (0,0) (0,0) (0,0) (0.557034,-4.27058e-10) (0,0) (0,0) (0,0) 
(0,0) (-3.49291,2.18205e-25) (0,0) (0,0) (0,0) (-1.16637,-3.33144e-10) (0,0) (0,0) (0,0) (-0.557034,4.22974e-10) (0,0) (0,0) 
(0,0) (0,0) (-3.32983,1.54995e-26) (0,0) (0,0) (0,0) (0,0) (0,0) (0,0) (0,0) (0,0) (-1.80068,8.24202e-27) 
(0,0) (0,0) (0,0) (-3.32983,-5.27085e-26) (0,0) (0,0) (0,0) (0,0) (0,0) (0,0) (1.80068,6.53808e-27) (0,0) 
(-1.16637,3.36361e-10) (0,0) (0,0) (0,0) (-0.219204,3.94506e-25) (0,0) (0,0) (0,0) (-2.53531,-1.22305e-10) (0,0) (0,0) (0,0) 
(0,0) (-1.16637,3.33144e-10) (0,0) (0,0) (0,0) (-0.219204,-3.56035e-25) (0,0) (0,0) (0,0) (2.53531,1.21135e-10) (0,0) (0,0) 
(0,0) (0,0) (0,0) (0,0) (0,0) (0,0) (-3.9257,0) (0,0) (0,0) (0,0) (0,0) (0,0) 
(0,0) (0,0) (0,0) (0,0) (0,0) (0,0) (0,0) (-3.9257,0) (0,0) (0,0) (0,0) (0,0) 
(0.557034,4.27058e-10) (0,0) (0,0) (0,0) (-2.53531,1.22305e-10) (0,0) (0,0) (0,0) (-1.30978,-6.63905e-26) (0,0) (0,0) (0,0) 
(0,0) (-0.557034,-4.22974e-10) (0,0) (0,0) (0,0) (2.53531,-1.21135e-10) (0,0) (0,0) (0,0) (-1.30978,9.00387e-25) (0,0) (0,0) 
(0,0) (0,0) (0,0) (1.80068,-1.00974e-27) (0,0) (0,0) (0,0) (0,0) (0,0) (0,0) (1.51583,3.9443e-27) (0,0) 
(0,0) (0,0) (-1.80068,-3.93799e-27) (0,0) (0,0) (0,0) (0,0) (0,0) (0,0) (0,0) (0,0) (1.51583,-2.74524e-28) 
Term 1
H.O. Basis
2.1117 0 0 0 0 0 0 0 0 0 0 0 
0 2.1117 0 0 0 0 0 0 0 0 0 0 
0 0 2.1117 0 0 0 0 0 0 0 0 0 
0 0 0 2.1117 0 0 0 0 0 0 0 0 
0 0 0 0 -3.9257 0 0 0 0 0 0 0 
0 0 0 0 0 -3.9257 0 0 0 0 0 0 
0 0 0 0 0 0 -3.9257 0 0 0 0 0 
0 0 0 0 0 0 0 -3.9257 0 0 0 0 
0 0 0 0 0 0 0 0 -3.9257 0 0 0 
0 0 0 0 0 0 0 0 0 -3.9257 0 0 
0 0 0 0 0 0 0 0 0 0 -3.2079 0 
0 0 0 0 0 0 0 0 0 0 0 -3.2079 
HF Basis
(-3.49291,2.21335e-25) (0,0) (0,0) (0,0) (-1.16637,-3.3637e-10) (0,0) (0,0) (0,0) (0.557034,-4.27069e-10) (0,0) (0,0) (0,0) 
(0,0) (-3.49291,1.47927e-25) (0,0) (0,0) (0,0) (-1.16637,-3.33149e-10) (0,0) (0,0) (0,0) (-0.557034,4.2298e-10) (0,0) (0,0) 
(0,0) (0,0) (-3.32983,-2.24163e-26) (0,0) (0,0) (0,0) (0,0) (0,0) (0,0) (0,0) (0,0) (-1.80068,-9.54206e-27) 
(0,0) (0,0) (0,0) (-3.32983,-2.96864e-26) (0,0) (0,0) (0,0) (0,0) (0,0) (0,0) (1.80068,-2.90301e-27) (0,0) 
(-1.16637,3.3637e-10) (0,0) (0,0) (0,0) (-0.219204,6.09884e-26) (0,0) (0,0) (0,0) (-2.53531,-1.22308e-10) (0,0) (0,0) (0,0) 
(0,0) (-1.16637,3.33149e-10) (0,0) (0,0) (0,0) (-0.219204,-1.2854e-25) (0,0) (0,0) (0,0) (2.53531,1.21137e-10) (0,0) (0,0) 
(0,0) (0,0) (0,0) (0,0) (0,0) (0,0) (-3.9257,0) (0,0) (0,0) (0,0) (0,0) (0,0) 
(0,0) (0,0) (0,0) (0,0) (0,0) (0,0) (0,0) (-3.9257,0) (0,0) (0,0) (0,0) (0,0) 
(0.557034,4.27069e-10) (0,0) (0,0) (0,0) (-2.53531,1.22308e-10) (0,0) (0,0) (0,0) (-1.30978,-4.86696e-25) (0,0) (0,0) (0,0) 
(0,0) (-0.557034,-4.2298e-10) (0,0) (0,0) (0,0) (2.53531,-1.21137e-10) (0,0) (0,0) (0,0) (-1.30978,-1.03095e-25) (0,0) (0,0) 
(0,0) (0,0) (0,0) (1.80068,2.3527e-26) (0,0) (0,0) (0,0) (0,0) (0,0) (0,0) (1.51583,-3.57196e-27) (0,0) 
(0,0) (0,0) (-1.80068,4.16519e-28) (0,0) (0,0) (0,0) (0,0) (0,0) (0,0) (0,0) (0,0) (1.51583,-5.61669e-28) 
